1 0.239726 0.534884 0.041096 0.104651
1 0.356164 0.514535 0.041096 0.110465
1 0.474315 0.531977 0.037671 0.087209
1 0.578767 0.531977 0.041096 0.098837
1 0.696918 0.505814 0.037671 0.104651
1 0.813356 0.549419 0.037671 0.110465
1 0.811644 0.366279 0.034247 0.104651
1 0.710616 0.360465 0.037671 0.104651
1 0.515411 0.363372 0.037671 0.110465
1 0.438356 0.377907 0.034247 0.104651
1 0.344178 0.401163 0.030822 0.081395
1 0.258562 0.386628 0.037671 0.087209
1 0.152397 0.331395 0.037671 0.116279
1 0.059932 0.377907 0.037671 0.104651
1 0.140411 0.537791 0.047945 0.098837
