0 0.130802 0.584507 0.092827 0.177465
0 0.268987 0.490141 0.082278 0.140845
0 0.184599 0.408451 0.056962 0.101408
0 0.755274 0.476056 0.101266 0.163380
0 0.630802 0.485915 0.067511 0.115493
0 0.544304 0.454930 0.059072 0.115493
0 0.670886 0.290141 0.037975 0.078873
0 0.696203 0.335211 0.046414 0.067606
0 0.701477 0.388732 0.031646 0.073239
0 0.553797 0.354930 0.052743 0.101408
0 0.510549 0.347887 0.033755 0.104225
0 0.478903 0.281690 0.037975 0.084507
0 0.449367 0.259155 0.042194 0.090141
0 0.420886 0.238028 0.035865 0.070423
0 0.373418 0.194366 0.029536 0.061972
0 0.283755 0.212676 0.035865 0.064789
0 0.256329 0.240845 0.040084 0.064789
0 0.234177 0.283099 0.054852 0.070423
0 0.224684 0.336620 0.048523 0.064789
0 0.199367 0.229577 0.048523 0.081690
