1 0.243636 0.576503 0.043636 0.081967
1 0.172727 0.295082 0.040000 0.076503
1 0.234545 0.256831 0.032727 0.065574
1 0.261818 0.224044 0.029091 0.065574
1 0.312727 0.245902 0.029091 0.054645
1 0.354545 0.245902 0.025455 0.065574
1 0.334545 0.576503 0.043636 0.081967
1 0.427273 0.592896 0.040000 0.081967
1 0.545455 0.584699 0.036364 0.087432
1 0.650909 0.601093 0.043636 0.076503
1 0.790909 0.581967 0.040000 0.081967
1 0.452727 0.243169 0.032727 0.060109
1 0.572727 0.240437 0.025455 0.065574
1 0.570909 0.426230 0.036364 0.065574
1 0.496364 0.426230 0.032727 0.054645
1 0.420000 0.437158 0.025455 0.054645
